1
3
13
0.885300 -0.023175 -0.013980 0.008851 -0.044996 -0.050362 -0.004459 -0.043251 -0.003862 -0.029455 -0.005410 -0.005456 0.035465 
-0.152961 0.820944 -0.002295 -0.009350 -0.025474 -0.044183 -0.001343 -0.063489 -0.024605 -0.049602 -0.000751 -0.014662 0.018519 
-0.193792 -0.048984 0.891537 -0.006155 -0.044622 0.022989 0.043372 0.021236 0.002399 0.038595 -0.042456 -0.001345 -0.019946 
0.128417 -0.025621 -0.024019 0.931683 0.031040 -0.022872 0.068085 0.034112 -0.007405 0.003184 0.011809 -0.003241 -0.039638 
-0.176426 -0.092082 -0.025810 -0.062841 0.909295 -0.013555 -0.009834 0.036536 0.075536 -0.018297 -0.016960 -0.037142 -0.031085 
0.056200 -0.067241 0.073458 -0.083744 -0.041721 0.939513 -0.019230 -0.020833 -0.028620 -0.014120 0.037781 -0.052800 0.019170 
-0.141046 0.016842 -0.021686 0.013152 -0.023005 -0.058748 1.040838 -0.071103 0.040160 -0.038758 0.088659 0.023663 -0.086681 
-0.068695 -0.178994 -0.062410 -0.004355 -0.022174 0.099149 -0.086365 1.000564 0.002804 0.034790 -0.005983 0.050427 -0.030668 
-0.161867 0.030539 -0.027063 0.000412 -0.011315 -0.043782 0.048167 -0.061220 0.919957 0.097656 -0.054193 0.005358 0.127747 
0.009063 -0.072277 -0.057920 0.016765 -0.061346 0.063541 -0.028044 0.021185 0.013646 0.987033 -0.046481 -0.033271 0.006279 
-0.043109 0.012406 -0.080924 0.026193 -0.030786 -0.001664 0.041244 0.014498 -0.031666 0.045214 0.930699 0.037835 -0.012948 
-0.028250 -0.063726 -0.008255 0.081720 0.055400 0.014865 0.013823 -0.037987 0.010697 -0.037998 0.044214 1.001321 0.031182 
0.002243 0.042062 0.004593 -0.028421 0.027569 -0.056811 0.042755 -0.062977 -0.000092 -0.017720 0.035876 0.078544 0.947079 
0.855280 -1.136528 0.076979 -0.680608 1.409598 0.078816 -0.321293 -0.479266 -0.142557 -0.286579 -0.674338 -0.204084 0.074333 
1.0 1.0 1.0 1.0 1.0 1.0 1.0 1.0 1.0 1.0 1.0 1.0 1.0 
13
0.905926 0.008004 -0.027504 0.005878 -0.022283 -0.009409 -0.002442 -0.001445 -0.005701 0.018410 -0.004414 0.011171 -0.021378 
-0.152760 0.913931 0.015854 -0.018514 -0.008039 -0.036431 -0.002214 -0.028401 0.015605 -0.019406 0.023968 -0.015011 -0.003817 
-0.121659 -0.058445 0.957281 0.015913 -0.058168 0.031521 0.021007 0.008013 0.012535 0.018968 -0.058148 0.029834 -0.018316 
0.163770 0.014991 0.026989 0.953533 0.019775 -0.032045 0.029855 0.023800 -0.011152 -0.022381 0.008597 0.018742 0.003710 
-0.049076 -0.066950 -0.017052 -0.030557 0.980248 0.006714 0.016477 -0.004887 0.059183 -0.062616 -0.031669 0.032514 -0.024695 
0.068094 -0.055500 -0.001944 -0.063856 -0.020268 0.971905 0.024805 -0.006532 -0.036412 0.055849 -0.040881 0.015078 0.015982 
-0.077531 0.047552 -0.036051 -0.012095 0.020644 -0.047567 1.094535 -0.065559 0.044749 -0.043273 0.059833 -0.019341 -0.016570 
-0.021288 -0.209916 -0.099539 0.004110 0.001078 0.063291 -0.075021 1.062304 -0.035408 0.035893 0.018675 0.002110 0.015670 
-0.173340 0.073703 -0.019238 0.027213 0.007514 -0.030000 0.036729 -0.084831 1.045598 0.073971 -0.028071 0.000513 0.046145 
0.072781 -0.055351 -0.039643 0.007498 0.005507 0.010160 -0.000933 -0.010762 0.022333 1.016608 0.024078 -0.034368 0.019959 
0.022035 0.058998 -0.065480 -0.035690 -0.010651 -0.016475 0.045037 0.023853 -0.030713 0.002956 1.079805 -0.040302 0.052666 
0.034881 -0.057146 0.067223 0.040416 0.028020 -0.030781 -0.011370 -0.038517 -0.009760 -0.055433 0.021834 1.037325 0.017451 
0.027688 0.079400 -0.009426 0.013763 0.004482 -0.002628 0.023532 -0.016408 0.013778 -0.053765 0.028556 0.035160 0.979269 
-0.313441 -0.198726 0.054497 0.008491 0.224888 -0.041763 -0.041421 0.267267 -0.012313 -0.059172 0.093114 0.040327 -0.023515 
1.0 1.0 1.0 1.0 1.0 1.0 1.0 1.0 1.0 1.0 1.0 1.0 1.0 
13
0.910170 0.004256 -0.010899 0.000989 -0.011161 -0.002538 0.001099 -0.002943 -0.006823 0.007903 0.006643 0.001062 -0.004119 
-0.143138 0.947698 -0.005906 0.010726 -0.019383 -0.003222 -0.018707 -0.002713 0.009786 -0.001456 0.000893 -0.004340 -0.009400 
-0.114213 -0.059274 0.994216 0.009058 -0.014546 -0.012608 0.020902 -0.013801 0.023420 0.005071 -0.012089 0.002329 0.001421 
0.112241 0.059534 -0.027487 0.988059 -0.019594 0.014826 -0.020395 0.022290 -0.023950 0.008005 -0.008477 0.022048 0.004172 
0.045859 -0.045789 0.017083 -0.029864 1.034782 -0.013841 0.063235 -0.035942 0.049965 -0.037794 -0.004103 0.008095 -0.008021 
0.070983 -0.058558 -0.035670 -0.020434 -0.003805 1.029395 -0.007037 0.036821 -0.037113 0.033717 -0.012719 0.013776 0.000944 
-0.075134 0.044818 -0.024035 -0.016655 0.015374 -0.004580 1.055201 -0.041874 0.036330 -0.034618 0.032538 0.000997 -0.004733 
0.008519 -0.127841 -0.039293 -0.004439 -0.003347 0.042501 -0.038344 1.046716 -0.010846 0.015578 0.003808 0.004303 -0.001242 
-0.173523 0.080887 -0.012318 0.007964 0.026301 -0.047153 0.023222 -0.029038 1.057172 0.025333 0.006963 -0.018091 0.020357 
0.057659 -0.040772 -0.007849 -0.004754 -0.012203 0.012855 -0.027086 0.038464 0.007633 1.034531 0.012711 -0.022050 0.000287 
0.056735 0.062921 -0.018004 -0.037714 0.003658 -0.026165 0.045993 -0.014512 0.016602 -0.017604 1.077067 -0.015527 0.019227 
0.025062 -0.027034 -0.003381 0.053091 -0.014815 0.017990 -0.020666 0.009656 -0.047511 0.003967 -0.016864 1.054898 0.015470 
0.021583 0.053643 0.000336 0.007331 0.033645 -0.015363 0.033051 -0.036687 0.020647 -0.051518 0.033055 0.015905 1.019198 
0.156780 -0.030795 -0.101773 -0.085810 -0.337586 -0.098259 0.077247 0.159437 -0.083543 0.055072 0.075597 -0.040967 -0.110935 
1.0 1.0 1.0 1.0 1.0 1.0 1.0 1.0 1.0 1.0 1.0 1.0 1.0 
