1
3
13
0.952456 -0.042582 -0.005999 -0.001262 -0.035859 -0.083168 0.010930 -0.075842 -0.033511 -0.031190 -0.029213 -0.011298 0.061756 
-0.217731 0.805090 -0.057019 -0.002096 -0.052096 -0.097059 -0.019185 -0.116388 0.012045 -0.117260 0.022404 -0.061631 0.041284 
-0.203582 -0.133706 0.857042 -0.063125 -0.016199 0.015021 0.078834 0.007870 -0.021466 -0.006170 0.001228 -0.098594 -0.008427 
0.027166 0.058584 -0.045020 0.924551 0.013656 -0.020672 0.033445 0.066585 -0.014653 -0.018809 -0.003278 0.033672 -0.107473 
-0.114716 -0.128635 0.050140 -0.068162 0.873271 0.056542 -0.016465 0.083975 0.094411 -0.042594 0.012236 -0.061627 -0.025874 
-0.155079 -0.058076 0.068702 -0.060005 -0.012221 0.889990 -0.021601 -0.030555 0.015853 0.029499 0.009695 0.022297 -0.075325 
-0.120562 -0.027925 0.064328 0.103271 -0.065706 0.032122 1.041759 -0.019317 0.032942 -0.025243 0.104944 0.014279 -0.132710 
-0.077326 -0.114336 -0.131383 -0.034723 0.053148 0.073063 0.065641 0.968228 0.045272 -0.052178 0.000064 -0.024770 0.024930 
-0.050412 -0.015424 -0.002206 0.064455 -0.022316 0.053285 -0.046324 0.054977 0.907055 0.115263 -0.076122 -0.081448 0.028659 
0.010346 -0.075963 -0.107939 -0.029391 -0.120834 0.054170 -0.023513 0.010662 0.104698 0.870736 0.024594 0.008736 -0.087132 
-0.002016 0.003594 -0.133109 0.003549 -0.025537 0.057972 0.059515 0.034384 -0.016541 0.069968 0.833433 -0.049048 -0.029064 
-0.121605 0.011329 -0.037302 0.089111 0.016026 -0.007779 -0.020890 -0.036627 0.021554 -0.028956 0.056342 0.917215 0.070561 
0.003432 0.019775 -0.010341 -0.045617 0.032904 -0.054318 -0.027388 0.003326 -0.009334 -0.050818 0.009695 0.112125 0.876307 
1.504630 -0.825648 0.144867 -0.429202 0.490836 -0.103003 -0.791060 -0.345580 -0.338836 -0.032253 -0.387162 -0.852329 0.347368 
1.0 1.0 1.0 1.0 1.0 1.0 1.0 1.0 1.0 1.0 1.0 1.0 1.0 
13
0.958658 -0.013005 -0.005328 0.004489 -0.015444 -0.005489 0.002872 0.004026 -0.019552 0.022113 -0.004448 0.013334 -0.023374 
-0.207679 0.918526 -0.034500 0.004499 0.025357 -0.034755 0.022369 -0.042233 0.039401 -0.032419 0.040971 -0.028098 0.017630 
-0.094828 -0.136706 0.946879 -0.060517 -0.050406 0.029244 0.030707 0.012034 0.016019 0.011950 -0.044268 0.010897 -0.001918 
0.129741 0.109728 0.006148 0.962482 -0.004996 -0.058762 0.044310 -0.011029 0.036218 -0.055403 0.022142 0.023905 -0.021479 
-0.054325 -0.130442 -0.031330 -0.018638 0.946800 0.003409 -0.050162 0.046961 0.018053 -0.042124 -0.017427 -0.029765 0.010724 
-0.035634 -0.059557 0.031385 -0.065544 0.012564 0.925095 0.028092 -0.041387 0.006571 0.011222 -0.035563 0.029264 -0.026086 
-0.112799 0.008619 0.014529 0.078116 -0.051880 -0.009257 1.093064 -0.018731 -0.000140 -0.018392 0.060270 -0.042698 -0.056328 
-0.006907 -0.143559 -0.104772 -0.032360 0.030948 0.045039 0.030901 0.998120 -0.019748 -0.036476 0.040599 0.005412 0.004137 
-0.006134 0.033600 0.020498 0.085104 0.024929 -0.010838 -0.019632 -0.020433 1.043377 0.071207 -0.025539 -0.035579 0.050113 
0.039070 -0.020099 -0.101928 -0.012601 -0.050388 0.030319 -0.020828 -0.014198 0.109119 0.995208 0.020232 0.038056 -0.085789 
0.103853 0.014119 -0.089735 -0.083918 -0.005512 0.005363 0.066318 0.031577 -0.039767 0.023179 1.021484 -0.020910 0.061768 
-0.002439 0.019672 0.000943 0.044834 0.007833 -0.005099 -0.005540 -0.029114 -0.014905 -0.000873 0.046406 0.964892 0.056119 
0.024975 0.013576 0.053251 -0.061152 0.017172 -0.022986 -0.058455 0.001803 0.033533 -0.080644 -0.010590 0.152703 0.921251 
-0.311240 -0.276692 0.130782 0.130671 0.164100 -0.025704 0.017097 0.403114 0.062880 -0.123795 0.234749 -0.014624 -0.006812 
1.0 1.0 1.0 1.0 1.0 1.0 1.0 1.0 1.0 1.0 1.0 1.0 1.0 
13
0.960201 -0.020110 -0.007142 0.001814 -0.002770 0.005251 -0.002132 0.006627 -0.011003 0.010427 0.002991 0.009866 -0.006915 
-0.220715 0.945347 -0.041586 0.027788 0.007982 -0.014487 0.013899 -0.035553 0.043448 -0.019875 0.020747 -0.006562 0.003563 
-0.093827 -0.140459 0.992793 -0.049516 -0.038665 0.025645 0.006597 -0.006430 -0.005606 0.031243 -0.036990 0.003130 0.020213 
0.091965 0.145534 -0.030253 0.995768 -0.039376 -0.034967 0.030561 -0.034217 0.035956 -0.041437 0.019778 0.019782 -0.011523 
0.044141 -0.090075 -0.019019 0.001680 1.004047 -0.016055 -0.015254 0.019667 0.007506 -0.019938 -0.025756 -0.002377 -0.018565 
0.058778 -0.042562 0.052482 -0.059956 0.032034 0.968448 0.022037 -0.010668 0.010325 0.004028 0.019868 -0.007231 0.008003 
-0.106235 0.016082 -0.001044 0.041692 -0.053928 0.013819 1.038690 -0.026577 0.017754 -0.021815 0.020138 -0.010676 -0.032271 
0.031879 -0.125584 -0.026716 -0.067920 0.019158 0.005454 -0.005914 1.018615 -0.002275 -0.027229 0.040645 0.025088 -0.016564 
-0.033802 0.052409 -0.006618 0.077028 0.007957 0.006157 -0.028411 0.019700 1.046540 0.044943 -0.032818 0.000441 -0.013600 
0.050910 -0.034097 -0.050414 -0.025537 -0.013453 0.013718 -0.012813 0.028061 0.056374 1.018626 0.013159 0.009257 -0.022324 
0.128677 0.026329 -0.052724 -0.080768 0.000463 -0.000037 0.030278 0.031577 -0.014075 0.019915 1.022684 0.010981 0.028595 
0.000137 0.020784 -0.042146 0.033777 -0.016362 0.013801 -0.017342 -0.000452 -0.026227 0.020904 0.034119 0.979251 0.056639 
0.025023 -0.010535 0.050761 -0.034561 -0.005928 0.002485 -0.038995 0.001158 0.005789 -0.050719 0.008011 0.085824 0.989402 
0.171540 -0.092983 -0.171389 -0.164830 -0.241596 -0.007626 -0.042001 0.173839 -0.075740 0.048108 0.073164 -0.038567 -0.020247 
1.0 1.0 1.0 1.0 1.0 1.0 1.0 1.0 1.0 1.0 1.0 1.0 1.0 
