time,pitch,intensity,formant1,formant2,formant3
?,0,0,0,0,0
?,0,0,0,0,0
?,0,62.16,1594.39,2862.87,3816.89
?,0,62.15,636.89,2312.43,3067.43
?,0,62.08,1816.74,2977.07,4129.6
?,0,62.77,1026.03,2325.74,3733.08
?,0,64.49,1953.6,3152.94,4111.37
?,0,65.16,1090.1,2043.55,3194.71
?,0,64.89,1233.94,2161.31,3159.4
?,0,64.32,1631.11,2766.35,3952.27
?,0,67.14,1962.99,2890.47,3750.68
?,0,66.59,2227.27,3016.64,4156.18
?,0,67.08,2126.26,3026.02,4253.94
?,0,66.35,1521.05,2687.2,3657.46
?,277.11,64.48,1388.73,2225.63,3026.1
?,281.1,65.4,1173.03,2018.47,2983.63
?,271.42,71.23,696.86,2027.55,2922.46
?,261.1,78.33,439.91,2129.47,2790.42
?,262.26,81.11,490.9,2259.9,2849.66
?,261.96,81.4,498.54,2370.57,2876.3
?,259.98,81.74,494.86,2394.58,2865.47
?,257.21,81.71,486.14,2515.12,2871.11
?,255.14,81.19,439.6,2586.9,2894.86
?,252,81.36,430.86,2547.18,2924.13
?,247.63,82.49,314.65,2324.1,2534.22
?,244.23,83,316.58,2405.07,2828.71
?,239.51,81.99,410.46,2458.39,2917.55
?,228.75,79.42,326.01,2659.34,2730.18
?,218.81,75.96,345.19,1874.29,3039.62
?,231.34,72.42,893.27,2276.01,3289.84
?,245.35,71.07,374.12,2743.59,3455.1
?,246.17,72.67,292.26,2581.66,3467.7
?,245.93,73.02,262.33,2512.85,3455.3
?,245.08,71.2,258.18,2642.77,3303.52
?,244.23,68.39,284.41,2613.56,3417.49
?,245.58,65.35,277.64,2752.76,3413.12
?,246.46,64.76,931.67,2917.1,3608.31
?,255.47,67.82,212.61,2240.4,3149.7
?,256.85,70.97,293.9,2302.11,3022.82
?,248.86,73.24,393.22,2649.6,3172
?,247.27,75.78,319.51,1453.52,3165.53
?,248.19,77.78,553.89,2564.3,2965.35
?,246.79,78.76,549.06,2583.39,2963.66
?,244.08,79.3,490.66,2806.03,2932.58
?,242.14,79.94,470.33,2660.47,2973.81
?,239.68,80.29,517.09,2435.37,2978.1
?,236.37,80.26,589.95,2255.79,2905.26
?,232.81,80.47,658.53,2064.43,2900.26
?,229.62,81.12,690.17,1914.71,2934.74
?,226.75,81.71,695.7,1714.92,2853.86
?,223.78,81.73,709.88,1595.61,2770.56
?,221.64,81.61,803.2,1538.49,2766.21
?,220.08,82.66,875.08,1512.05,2765.65
?,217.88,83.49,891.06,1464.89,2802.16
?,215.77,83.62,904.85,1414.13,2825.27
?,213.73,83.63,892.52,1373.25,2865.23
?,210.28,82.58,910.3,1371.86,2997.11
?,0,80.47,854.52,1392.18,3171.46
?,0,78.92,771.77,1318.75,3276.22
?,0,77.79,719.41,1259.02,3407.19
?,0,75.45,699.14,1284.86,3450.65
?,0,73.84,653.95,1243.81,3119.3
?,0,72.08,630.61,1289.71,2868.82
?,0,70.38,659.08,1249.74,3257.04
?,105.49,70.65,550.92,1309.65,3526.53
?,105.54,71.19,510.72,1352.11,3401.01
?,0,72.25,511.5,1372.97,3348.62
?,0,74.36,494.22,1354.54,3358.71
?,177.65,75.62,519.52,1292.25,3283.59
?,179.08,77.08,609.64,1347.87,3198.64
?,179.72,78.77,734.57,1441.67,3153.75
?,178.05,79.67,790.91,1479.01,3122.89
?,176.09,79.71,829.48,1551.18,3062.86
?,174.63,79.44,862.74,1554.72,2981.2
?,173.3,79.1,888.7,1551.37,2928.92
?,172.03,78.84,911.76,1554.47,2905.03
?,170.87,78.97,952.79,1575.85,2897.83
?,169.51,79,958.03,1587.89,2898.54
?,167.79,78.37,890.94,1541.82,2895.06
?,166.05,78.08,875.6,1535.07,2882.83
?,164.1,78.24,879.49,1525.93,2890.28
?,161.99,78.82,917.76,1526.62,2900.27
?,160.25,79.44,860.98,1490.4,2884.42
?,158.4,78.97,830.74,1452.21,2867.66
?,156.78,78.2,825.27,1427.76,2838.55
?,155.76,77.86,817.19,1401.27,2826.36
?,154.97,77.32,795.83,1398.19,2802.71
?,153.93,76.12,771.74,1430.58,2772.39
?,151.85,74.4,711.36,1449.02,2744.18
?,148.91,73.58,704.34,1458.49,2754.14
?,0,73.44,664.77,1476.39,2638.25
?,0,72.56,658.73,1524.45,2805.07
?,0,70.22,649.5,1570.55,2909.5
?,0,68.49,627.76,1617.54,2915.26
?,155.05,67.91,697.24,1512.9,2936.85
?,155.32,67.49,687.81,1485.33,2922.43
?,153.03,67.19,690.77,1560.27,2919.25
?,148.87,66.06,732.11,1580.2,2955.63
?,145.76,64.15,562.96,1517.85,2908.37
?,0,60.44,477.9,1420.38,2856.57
?,0,59.29,673.95,1408.34,2849
?,0,61.38,664.02,1448.31,2836.71
?,0,61.5,888.97,1609.36,3008.01
?,0,62.17,1009.65,2357.45,3675.18
?,0,64.87,1170.6,2255.58,3452.42
?,0,66.34,1109.48,1582.2,2846.42
?,0,64.72,1109.16,2021.59,3451.48
?,0,61.29,850.57,2063.45,3273.36
?,0,62.9,864.47,2291.6,3159.77
?,0,64.79,1099.46,1888.84,3176.4
?,0,64.27,1522.52,2465.91,3649.24
?,0,63.88,1513.64,2778.77,3729.98
?,0,63.61,1488.98,2806.5,4159.57
?,0,62.97,1507.61,2099.57,3492.05
?,0,60.79,1763.94,3268.87,3764.2
?,0,58.25,1589.48,2924.21,3773.11
?,0,55.98,1515.1,2724.39,3881.97
?,0,56.59,1534.48,2536.92,3811.82
?,0,0,1135.43,2307.93,3334.64
?,0,0,0,0,0
?,0,0,0,0,0
?,?,?,?,?,?
