40 25 1
3.27455 2.18904 1.37666 1.15320 0.84558 0.78888 0.71581 0.66173 0.48173 0.39417 0.35911 0.28186 0.34007 0.32476 0.33503 0.25682 0.22154 0.18115 0.23593 0.12956 0.06451 0.00177 -0.00428 0.14462 0.01730
1
3.02002 1.88587 1.20430 0.99975 0.77476 0.59514 0.55452 0.48723 0.42275 0.40420 0.36060 0.30566 0.27983 0.39352 0.32793 0.22486 0.22020 0.26792 0.23558 0.16770 0.09468 0.03550 0.07879 0.00251 -0.02971
2
2.01241 1.02418 2.67428 1.19810 1.17568 1.03472 1.07126 0.39922 0.95514 0.35541 0.43651 0.61511 0.46786 0.85690 0.65329 0.06992 0.24800 0.43852 0.27457 -0.10156 0.13943 0.13768 0.14191 -0.09938 0.22131
0
3.06807 1.87068 1.87321 1.48982 1.27903 0.96603 0.76038 0.53199 0.38943 0.11580 0.17012 0.35426 0.12291 0.22502 0.32523 0.24099 0.08446 0.13445 -0.01551 0.03285 -0.03242 -0.02156 -0.04521 0.07220 0.14088
0
3.24794 1.92258 1.37942 1.06313 0.92150 0.85316 0.66261 0.46288 0.36918 0.35775 0.32583 0.39436 0.27761 0.30519 0.19290 0.20367 0.23580 0.23746 0.12346 0.14960 0.04760 0.02635 0.10666 0.05254 0.06786
6
3.07292 1.75055 1.52044 1.21159 0.78975 0.80084 0.65889 0.66234 0.41866 0.43142 0.39025 0.35307 0.26881 0.33123 0.45918 0.29360 0.21272 0.34778 0.31171 0.16683 0.26433 0.26202 0.24775 0.16393 0.30978
8
3.29182 2.32634 1.50269 1.13988 0.97213 0.92962 0.55992 0.75389 0.74782 0.44265 0.48669 0.38533 0.58005 0.53775 0.38990 0.08223 0.29849 0.43163 0.19839 0.20468 0.06848 0.01148 0.10292 -0.00737 -0.06979
2
3.10828 1.94191 1.35319 1.04613 0.88660 0.81395 0.67286 0.60426 0.49813 0.46293 0.40562 0.28449 0.34545 0.34414 0.30464 0.22680 0.26108 0.21225 0.21981 0.21567 0.10263 0.10897 0.14907 0.10340 0.05432
1
3.28186 2.32454 1.59390 1.28312 0.99506 0.84590 0.74515 0.65572 0.50660 0.55136 0.49780 0.34765 0.39770 0.39693 0.29578 0.22397 0.20939 0.13761 0.10978 0.16435 0.05248 0.00778 0.12578 0.02495 0.01485
7
2.98401 1.87473 1.17089 0.93284 0.73467 0.66120 0.50113 0.38663 0.35542 0.29842 0.26568 0.19867 0.28375 0.25735 0.23678 0.17523 0.21154 0.24377 0.19815 0.17337 0.14904 0.10750 0.15252 0.14166 0.05291
7
3.09810 2.09340 1.56965 1.23325 1.07996 0.91678 0.98115 0.94733 0.82837 0.79358 0.66495 0.55256 0.49650 0.61068 0.28644 0.30181 0.26115 0.32513 0.29023 0.20194 0.02272 0.07360 0.10391 0.05250 -0.04547
3
3.15493 1.96189 1.30675 1.05773 0.84172 0.71515 0.64839 0.51741 0.42664 0.44881 0.36614 0.36648 0.37033 0.38814 0.31024 0.24750 0.23961 0.24092 0.14563 0.12679 0.05007 0.03468 0.04403 0.11310 0.02117
4
3.00728 1.88144 1.39354 1.06183 0.74326 0.64587 0.41856 0.39228 0.41163 0.27055 0.16499 0.38902 0.22322 0.13812 0.26856 0.26336 0.13969 0.24281 0.25136 0.12464 0.04739 0.18577 0.27796 0.27069 0.04114
9
2.72563 1.58294 0.99828 0.86418 0.60080 0.54819 0.40941 0.38370 0.43199 0.35403 0.36448 0.29176 0.32677 0.35360 0.45866 0.37076 0.34242 0.24677 0.19002 0.24897 0.22197 0.08588 0.16001 0.05578 0.01996
6
3.77344 2.60770 1.77590 1.28838 0.89951 0.48696 0.53717 0.46964 0.42223 0.62244 0.42288 0.09347 0.14046 0.14895 0.19144 0.17087 0.16627 0.36610 0.30252 0.13657 0.22397 0.05872 0.01133 -0.09019 -0.12908
7
3.13251 3.50574 2.67636 2.37066 1.85046 1.82651 1.23356 0.70060 0.61231 0.56656 0.11989 0.31632 0.30213 0.29708 0.13510 0.13024 0.46836 0.14601 0.14298 0.23798 0.32690 0.28854 0.41946 0.33809 0.23052
3
3.76562 2.11183 0.93283 0.81879 1.05710 1.17160 0.85966 0.77629 0.45371 0.49096 0.60009 0.52666 0.33834 0.34144 0.24151 0.23861 0.41184 0.35263 0.36395 0.23574 -0.04032 -0.09359 0.07544 0.23063 0.09134
5
3.65648 2.72093 1.93959 1.43993 1.16066 0.97542 1.09418 0.79856 0.42240 0.38201 0.34036 0.20986 0.43007 0.52977 0.59083 0.74560 0.76873 0.70960 0.59600 0.28569 -0.15780 -0.29431 -0.43712 -0.19594 0.04398
1
2.79497 1.64952 1.03999 0.77003 0.53460 0.42336 0.30209 0.26247 0.18131 0.14112 0.08762 0.01836 0.05827 0.11150 0.06740 0.06120 0.06371 0.04985 0.02555 0.05934 0.00844 0.01270 0.07367 0.07287 0.01415
5
3.35089 2.61671 1.61789 2.00753 1.82775 1.61523 0.68965 0.50240 0.69497 0.73510 0.54951 0.31844 0.47688 0.39190 0.37459 0.38782 0.24872 0.32422 0.08969 -0.17379 -0.01798 0.01619 0.11670 0.25887 -0.06610
6
3.54401 2.76510 1.88947 1.63710 1.30753 1.25507 0.93973 0.83106 0.61522 0.71633 0.30074 0.18826 0.31425 0.40247 0.38071 0.42335 0.55084 0.45768 0.41839 0.26323 0.08889 0.05501 0.00671 0.07149 -0.10903
7
3.32583 3.33799 1.91118 1.75102 1.19256 1.56589 1.00964 0.58826 0.50721 0.49833 0.52074 0.55180 0.42346 0.40554 0.10759 0.35676 0.50387 0.32100 0.14746 0.28949 0.42268 0.26871 0.34632 0.33946 0.20517
3
3.07553 2.99282 1.89133 1.43695 0.96527 1.37171 1.09896 0.81371 0.61000 0.56613 0.08919 -0.00746 0.39398 0.28917 0.36752 0.19410 0.28481 0.23489 0.33309 0.27085 0.34545 0.21758 0.29311 0.18576 -0.03140
4
3.72685 2.85103 1.86607 1.46759 1.21718 0.85911 0.70438 0.47497 0.37632 0.38307 0.18598 -0.05393 0.20474 0.27374 0.17927 0.05088 0.12014 0.05866 0.16697 0.20647 0.02895 -0.07185 0.03393 0.20622 -0.05683
5
3.28174 2.05290 1.44114 1.13133 0.93855 0.79376 0.72380 0.63009 0.49318 0.48561 0.36757 0.31309 0.39377 0.40257 0.33488 0.23626 0.26937 0.23514 0.22747 0.23430 0.13151 0.12131 0.17674 0.16139 0.05623
3
3.75878 2.81937 1.97780 1.66128 1.26239 1.13557 1.05149 0.73545 0.65177 0.72647 0.47623 0.34529 0.61086 0.41361 0.24548 0.23714 0.32027 0.25858 0.19312 0.23020 0.28259 0.10352 0.28733 0.26542 0.01566
9
3.24859 2.04260 1.39774 1.18306 0.85891 0.72454 0.71848 0.58948 0.49040 0.41319 0.33602 0.29898 0.29996 0.27777 0.24189 0.21746 0.25667 0.27891 0.24828 0.22356 0.12162 0.06190 0.09620 0.11035 0.06115
8
3.19316 1.96921 2.01543 1.06758 0.87388 0.71926 0.50021 0.39455 0.53629 0.60921 0.31058 0.37103 0.33043 0.60120 0.34115 0.06854 0.05801 0.15485 0.13462 0.02636 0.03518 0.06438 0.04536 -0.09884 0.01000
0
3.15113 2.35263 1.38062 1.23318 0.98291 0.84044 0.83122 0.68455 0.55227 0.61389 0.44937 0.31636 0.39296 0.26741 0.31638 0.31509 0.39781 0.36011 0.32467 0.18722 0.21471 0.12035 0.26887 0.11287 0.04645
4
3.01143 1.85278 1.22200 0.91935 0.74653 0.63447 0.50473 0.46919 0.41303 0.40377 0.32460 0.25783 0.32301 0.30848 0.27439 0.20482 0.21220 0.23117 0.15772 0.16356 0.10314 0.07959 0.14079 0.13149 0.10762
6
3.48040 2.47370 1.75379 1.49017 1.00118 0.90943 0.70249 0.66705 0.59929 0.44803 0.34947 0.29385 0.50454 0.37388 0.29630 0.24378 0.30077 0.32291 0.31097 0.23012 0.16120 0.01771 0.11656 0.10286 -0.08427
8
3.59599 1.89438 1.78871 1.75253 1.87382 1.69310 1.06696 0.12911 -0.13140 0.68712 1.24650 0.73169 0.14556 0.27112 0.19768 0.51771 0.51233 0.54071 0.36383 -0.27970 -0.36820 0.11838 0.25641 0.12013 -0.05666
2
2.92304 1.69791 1.02770 0.79828 0.61455 0.54274 0.45936 0.32266 0.17302 0.15841 0.21662 0.17601 0.13920 0.12407 0.11386 0.09330 0.18138 0.21502 0.12517 0.02533 -0.00097 0.07721 0.12494 0.05532 -0.03969
1
3.30166 2.24336 1.82746 1.32501 1.08645 0.88661 0.75507 0.70727 0.72647 0.69948 0.44361 0.27410 -0.01326 0.37757 0.52290 0.22618 0.27997 0.52048 0.30462 0.12934 0.27631 0.06770 0.05444 0.05176 -0.01236
0
3.34941 4.19906 2.48818 1.93870 1.57571 1.51032 0.97856 0.67670 0.26668 0.58647 0.63973 0.23083 0.18647 0.34851 0.33757 0.08193 0.09195 0.29772 0.12637 -0.01138 0.10721 0.01685 0.25957 0.30943 0.18452
8
3.93312 2.66371 1.81195 1.51272 1.41822 1.30420 0.96236 0.83644 0.49981 0.51622 0.44748 0.26218 0.37885 0.77962 0.56506 0.51281 0.30069 0.11218 0.14811 0.08548 0.16620 0.25264 0.20441 0.03265 -0.13786
9
2.83051 1.63785 1.26305 0.94864 0.52824 0.62488 0.62761 0.44229 0.37413 0.54499 0.41476 0.22904 0.37664 0.58224 0.37268 0.28351 0.52013 0.42224 0.25454 0.18544 0.14708 0.05115 0.19136 0.15679 0.16642
9
3.07008 1.91694 1.30108 1.04370 0.80760 0.71980 0.64740 0.55541 0.45027 0.43551 0.36790 0.31030 0.35506 0.37339 0.32762 0.28510 0.30322 0.27939 0.28740 0.22913 0.16273 0.09726 0.15400 0.13287 0.02083
4
3.29404 2.42234 1.70748 1.53203 1.16995 1.02884 0.73259 0.73288 0.49176 0.54118 0.45190 0.29795 0.41559 0.23833 0.20501 0.00880 0.06826 0.14128 0.13020 0.09619 0.14221 -0.02358 0.09084 0.01760 0.01046
5
2.83856 2.00402 1.72962 1.15139 1.87882 1.50877 0.71853 0.74321 0.66417 0.59444 0.77194 0.76410 0.38889 -0.10458 0.08884 -0.07223 0.27890 0.63081 0.12430 0.19097 -0.00244 -0.07315 0.28071 -0.04228 0.21082
2
