time,pitch,intensity,formant1,formant2,formant3
0.01,0,0,0,0,0
0.02,0,0,0,0,0
0.03,0,0,1769.53,2704.57,3942.96
0.04,0,65.98,1829.4,2941.72,3899.22
0.05,0,65.84,1731.26,3015.46,4311.16
0.06,0,65.4,1772.6,3014.34,4261.95
0.07,0,63.71,1902.56,3047.14,4243.17
0.08,0,64.26,1583,2873.6,3792.49
0.09,0,65.64,1203.06,2602.99,3630.6
0.1,242.02,67.57,460.63,2185.17,2945.45
0.11,235.75,75.32,442.49,2241.09,2903.33
0.12,222.14,79.89,449.81,2333.93,2943.35
0.13,214.05,80.79,430.84,2398.73,2954.74
0.14,212.99,80.26,421.69,2483.23,2960.3
0.15,214.91,78.48,416,2610.27,2976.69
0.16,212.74,76.12,405.74,2675.09,2960.39
0.17,208.15,75.66,369.05,2604.85,2929.29
0.18,206.4,77.19,287.78,2249.01,2832.43
0.19,200.47,77.78,257.37,2143.49,2790.25
0.2,194.26,77.29,349.39,2628.11,2800.08
0.21,192.97,77.33,329.65,2467.21,2837.99
0.22,192.86,77.36,232.92,2392.77,2917.48
0.23,192.42,76,262.89,2527.45,3091.91
0.24,195.08,73.44,305.34,2549.94,3206.88
0.25,199.06,71.63,326.64,2470.51,3190.46
0.26,200.19,70.26,355.28,2792.74,3388.78
0.27,204.55,68.41,374.13,2726.2,3513.59
0.28,0,66.45,383.88,2791.48,3421.85
0.29,0,64.59,366.26,2774.45,3349.71
0.3,472.91,62.46,359.37,2796.87,3345.61
0.31,469.63,63.44,368.12,2860.99,3069.23
0.32,463.3,63.6,415.94,2681.7,3129.62
0.33,330.09,62.96,368.95,2932.16,3069.95
0.34,206.89,66.13,451.53,1879.71,3067.85
0.35,208.07,70.97,280.4,1538.96,3051.92
0.36,208.76,74.38,303.53,1523.56,2964.02
0.37,207.27,75.49,303.58,1619.38,3005.51
0.38,204.66,74.95,318.53,1704.14,3022.79
0.39,201.06,73.88,356.92,1738.56,2968.6
0.4,197.93,73.49,402.53,2232.57,2953.81
0.41,196.6,74.21,418.2,2594.61,3088.53
0.42,195.1,75.07,435.07,2429.76,3145.47
0.43,192.68,75.16,456.17,2130.37,3134.33
0.44,190.42,74.92,461.67,2004.14,3085.01
0.45,188.06,75.11,482.92,1889.47,2993
0.46,185.95,75.63,532.68,1799.79,2940.4
0.47,184.79,76.03,626.6,1717.54,2845.66
0.48,184.09,76.32,669.85,1651.32,2787.95
0.49,183.35,76.26,706.29,1605.85,2773.07
0.5,182.55,76.04,738.05,1569,2755.02
0.51,181.94,75.83,741,1530.76,2765.18
0.52,180.51,74.99,736.43,1478.43,2842.72
0.53,177.57,73.77,729.43,1373.88,2946.67
0.54,0,71.97,730.24,1357.43,3044.63
0.55,0,70,745.67,1435.87,3128.67
0.56,0,68.31,738.55,1523.4,3228.88
0.57,0,68.12,691.45,1474.6,3415.26
0.58,0,67.61,724.57,1527.73,3205.62
0.59,0,64.37,798.02,1578.38,3142.65
0.6,0,60.89,749.25,1585.23,3154.98
0.61,0,60.32,744.52,1521,3017.2
0.62,0,61.32,817.42,1797.77,2927.85
0.63,0,65.89,451.28,1488.45,3196.39
0.64,0,69.14,445.27,1253.36,3228.56
0.65,0,70.44,529.76,1291.32,3178.74
0.66,165.31,71.96,638.67,1410.09,3086.51
0.67,163.71,72.93,656.28,1481.6,3095.09
0.68,161.22,72.83,758.17,1541.09,3042.34
0.69,159.3,73.15,827.68,1582.25,2995.71
0.7,157.2,73.37,843.43,1578.48,2919.4
0.71,154.65,72.92,852.67,1565.81,2865.13
0.72,151.87,72.35,927.57,1585.98,2844.68
0.73,149.07,72.24,954.71,1578.26,2868
0.74,146.25,72.26,950.31,1581.78,2859.81
0.75,143.62,72.45,926.25,1563.19,2850.59
0.76,141.38,72.11,867.12,1537.02,2845.38
0.77,139.79,71.87,885.82,1512.18,2826.58
0.78,138.68,71.62,877.71,1494.05,2830.31
0.79,136.01,71,834.8,1475.45,2831.91
0.8,133.52,70.62,799.88,1497.85,2808.52
0.81,132.29,70.27,776.67,1509.2,2796.66
0.82,130.74,68.87,737.6,1555.81,2785.58
0.83,0,68.85,663.24,1570.5,2753.61
0.84,0,70.18,591.36,1594.6,2797.06
0.85,0,69.71,554.11,1635.04,2846.17
0.86,0,66.32,827.59,1675.95,2780.01
0.87,0,62.98,927.29,1536.19,2860.23
0.88,0,63.99,939.17,1525.47,2923.56
0.89,0,66.01,450.62,1728.63,2904.53
0.9,0,66.04,729.69,1927.51,2943.57
0.91,0,64.37,952.11,1907.01,2972.57
0.92,0,59.91,923.82,1778.98,2953.32
0.93,0,58.86,673.53,1663.13,2971.87
0.94,0,61.09,1508.65,2168.4,3298.52
0.95,0,63.05,1111.02,1646.94,3147.2
0.96,0,63.75,967.26,2392.82,3724.82
0.97,0,64.02,1030.56,1637.95,3097.4
0.98,0,64.34,1470.9,3002.43,4131.51
0.99,0,64.35,1515.69,2939.93,4063.25
1,0,65.8,1578.98,2886.05,4140.38
1.01,0,65.65,1606.87,2837.59,4204.2
1.02,0,61.31,980.66,2144.63,3197.59
1.03,0,54.67,577.15,1873.75,3082.48
1.04,0,52.39,1244.57,2251.38,3281
1.05,0,0,888.62,1977.38,3194.68
1.06,0,0,0,0,0
1.07,0,0,0,0,0
